0,0.29330893620257636
1,0.32513301879630735
2,0.31882711254839946
3,0.310184705897604
4,0.31529636611284534
5,0.43963646761517894
6,0.4693782694647245
7,0.3316227596649095
8,0.3791820511239699
9,0.3809795293602232
10,0.3713592147253091
11,0.3970062028349497
12,0.27724174131437473
13,0.3474503099163883
14,0.3833953013452932
15,0.36969548486695114
16,0.3569075495356505
17,0.3813648977955444
18,0.3418422804279393
19,0.3335738757896522
20,0.36746774518557224
21,0.37391963443361315
22,0.2731389641400438
23,0.26540839581924475
24,0.3087094810608101
25,0.30970655073241776
26,0.2945306624164739
27,0.30703968578297336
28,0.30820222991963525
29,0.25890797147290756
30,0.37894493700652904
31,0.4536957321214115
32,0.4366178779846836
33,0.4085699268927985
34,0.36603021855588225
35,0.367393036897631
36,0.3800103137015692
37,0.3493213322704148
38,0.4042664996550276
39,0.28012966427846675
40,0.2630257843812258
41,0.34843517798462237
42,0.3432501323222405
43,0.3947779019814134
44,0.38471641422530967
45,0.38246778931038183
46,0.3707489549844913
47,0.38657043242735983
48,0.36107202187874593
49,0.373742150167264
50,0.3316926271142716
51,0.40698164996945463
52,0.43570033558065935
53,0.3783750717096819
54,0.33989428507154346
55,0.37265500290483267
