0,52.26668047414761
1,63.18923333125968
2,90.77193357329844
3,96.83954573474922
4,174.79524549442777
5,62.01190312085387
6,15.432435042439911
7,85.59603152025855
8,129.6451099596636
9,155.0867481595883
10,164.78499437228274
11,32.13744432871627
12,11.611239968887958
13,34.868196521502476
14,57.769915637284655
15,92.81395224667042
16,77.89195987170677
17,78.6369327260083
18,80.0134122269294
19,90.63553678082606
20,112.78877368902289
21,14.101657887207352
22,50.47753106737718
23,45.56856916944783
24,64.25629546756667
25,63.16610296895375
26,73.52891117329878
27,97.94960844459777
28,15.274672994955989
29,16.131689668991974
30,3242.6933560094512
31,2710.2187517178354
32,1348.5303161100849
33,1200.4881521532236
34,885.2565515677011
35,198.62487681920845
36,49.74140684497237
37,20.22847420079735
38,21.852035510479
39,9.32320629449651
40,50.10903778542094
41,66.9953581545576
42,77.983153361675
43,27.496408748872994
44,10.900813800506405
45,19.04842592051045
46,155.18495876230605
47,62.53102847319518
48,66.7716841651939
49,19.67708666649952
50,5.288777310288262
51,111.43454488863792
52,101.46519558465312
53,149.41783388599615
54,50.624942623810945
55,10.827097481932158
